[gd_scene load_steps=13 format=3 uid="uid://wsmpltn0glt1"]

[ext_resource type="PackedScene" uid="uid://bmacr6agbv47a" path="res://Boat/Boat/Boat.tscn" id="1_0db3y"]
[ext_resource type="PackedScene" uid="uid://brh07riyg1qv0" path="res://FirstPersonController/Player.tscn" id="2_sxd6g"]
[ext_resource type="PackedScene" uid="uid://b047wo4ee5aku" path="res://Sound/Ambience/AmbientSound.tscn" id="3_22gf3"]
[ext_resource type="PackedScene" uid="uid://dy6d3lmebk50q" path="res://Environment/Island1/Terrain/Island1_Terrain.tscn" id="4_xvs7q"]
[ext_resource type="PackedScene" uid="uid://b4wyblhah757a" path="res://Environment/Island0/Terrain/Island0_Terrain.tscn" id="5_pc08f"]
[ext_resource type="PackedScene" uid="uid://bapmikalcjl6e" path="res://Water/WaterMover.tscn" id="6_uxq57"]
[ext_resource type="PackedScene" uid="uid://bm5mnh8u6adjg" path="res://Environment/Shared/island_sound_controller.tscn" id="7_3gxtv"]
[ext_resource type="PackedScene" uid="uid://cbgia5gdnq22d" path="res://Environment/Island3/Terrain/Island3_Terrain.tscn" id="8_g1xg2"]
[ext_resource type="PackedScene" uid="uid://b4dijxrpph0p" path="res://Environment/Island2/Terrain/Island2_Terrain.tscn" id="9_q47qq"]
[ext_resource type="Script" path="res://Game Manager/GameManager.gd" id="10_0gwdg"]
[ext_resource type="Environment" uid="uid://nhyr7de6t3a" path="res://Environment/DuskWorldEnvironment.tres" id="10_1opmm"]

[sub_resource type="CameraAttributesPhysical" id="CameraAttributesPhysical_6p5pl"]

[node name="Dusk" type="Node3D"]

[node name="Player" parent="." instance=ExtResource("2_sxd6g")]
transform = Transform3D(1, 0, 0, 0, 1, 0, 0, 0, 1, 429.828, 6.61047, -1288.73)

[node name="AmbientSound" parent="." instance=ExtResource("3_22gf3")]
max_distance = 80.0

[node name="Island1Terrain" parent="." instance=ExtResource("4_xvs7q")]
transform = Transform3D(1, 0, 0, 0, 1, 0, 0, 0, 1, 1300, -0.93, -394.355)

[node name="Island0Terrain" parent="." instance=ExtResource("5_pc08f")]
transform = Transform3D(0.123844, 0, 0.992301, 0, 1, 0, -0.992301, 0, 0.123844, 90.97, -2.30322, -18.9957)

[node name="WaterMover" parent="." instance=ExtResource("6_uxq57")]
transform = Transform3D(1, 0, 0, 0, 1, 0, 0, 0, 1, 0, 0, -372)

[node name="IslandSoundController" parent="." instance=ExtResource("7_3gxtv")]
transform = Transform3D(0.996488, 0, 0.08373, 0, 1, 0, -0.08373, 0, 0.996488, -40.027, 19.0991, -30.5892)

[node name="Island3Terrain" parent="." instance=ExtResource("8_g1xg2")]
transform = Transform3D(0.995228, 0, 0.0975829, 0, 1, 0, -0.0975829, 0, 0.995228, 2000, 4.982, -1500)

[node name="Island2Terrain" parent="." instance=ExtResource("9_q47qq")]
transform = Transform3D(0.536578, 0, -0.843851, 0, 1, 0, 0.843851, 0, 0.536578, 455.686, -13.88, -1300)

[node name="WorldEnvironment" type="WorldEnvironment" parent="."]
environment = ExtResource("10_1opmm")
camera_attributes = SubResource("CameraAttributesPhysical_6p5pl")

[node name="DirectionalLight3D" type="DirectionalLight3D" parent="."]
transform = Transform3D(-0.345495, -0.93833, 0.0130532, 0, 0.0139098, 0.999903, -0.938421, 0.345461, -0.00480576, 523.629, 8.89441, -269.865)
light_color = Color(0.980392, 0.941176, 1, 1)
light_energy = 0.05
shadow_enabled = true
shadow_bias = 0.5

[node name="GameManager" type="Node3D" parent="." node_paths=PackedStringArray("player", "boat")]
script = ExtResource("10_0gwdg")
player = NodePath("../Player")
boat = NodePath("../Boat")

[node name="Boat" parent="." instance=ExtResource("1_0db3y")]
transform = Transform3D(1, 0, 0, 0, 1, 0, 0, 0, 1, 429.828, 1.86929, -1288.73)
